1 11410
2 15470
3 18029
4 19120
5 19152
6 18018
7 17014
8 15298
9 13881
10 12841
11 11535
12 9996
13 9249
14 7902
15 7291
16 6419
17 5660
18 5244
19 4695
20 4232
21 3887
22 3273
23 3087
24 2818
25 2557
26 2373
27 2146
28 2069
29 1774
30 1709
31 1514
32 1374
33 1321
34 1234
35 1134
36 1067
37 981
38 952
39 860
40 813
41 743
42 676
43 646
44 635
45 600
46 593
47 554
48 789
49 685
50 620
51 619
52 595
53 534
54 484
55 502
56 478
57 428
58 441
59 410
60 420
61 366
62 375
63 332
64 320
65 302
66 307
67 262
68 241
69 262
70 236
71 232
72 249
73 252
74 214
75 213
76 201
77 191
78 199
79 194
80 180
81 180
82 139
83 151
84 156
85 156
86 131
87 143
88 140
89 120
90 126
91 130
92 137
93 119
94 127
95 120
96 1946
