1 11119
2 15556
3 18189
4 19092
5 19084
6 18102
7 16973
8 15344
9 13946
10 12770
11 11501
12 10026
13 9217
14 7979
15 7292
16 6365
17 5710
18 5231
19 4722
20 4239
21 3830
22 3383
23 3008
24 2833
25 2562
26 2350
27 2187
28 2006
29 1847
30 1680
31 1541
32 1372
33 1313
34 1195
35 1136
36 1044
37 1007
38 936
39 857
40 807
41 779
42 678
43 680
44 624
45 603
46 565
47 536
48 1078
49 704
50 706
51 603
52 606
53 528
54 548
55 461
56 483
57 444
58 400
59 368
60 409
61 352
62 369
63 345
64 311
65 279
66 305
67 264
68 257
69 226
70 244
71 226
72 228
73 205
74 223
75 209
76 214
77 206
78 198
79 199
80 178
81 174
82 153
83 152
84 155
85 146
86 144
87 143
88 118
89 124
90 129
91 130
92 111
93 123
94 99
95 117
96 1790
