1 11518
2 15374
3 18078
4 18989
5 19055
6 17953
7 16818
8 15396
9 13846
10 12677
11 11167
12 10247
13 9126
14 8123
15 7435
16 6485
17 5747
18 5214
19 4759
20 4308
21 3874
22 3427
23 3101
24 2884
25 2601
26 2341
27 2156
28 1967
29 1811
30 1721
31 1578
32 1369
33 1297
34 1212
35 1150
36 1055
37 980
38 950
39 897
40 787
41 740
42 706
43 686
44 619
45 587
46 567
47 520
48 775
49 685
50 625
51 634
52 517
53 588
54 550
55 496
56 445
57 430
58 419
59 379
60 387
61 348
62 304
63 342
64 338
65 312
66 304
67 293
68 286
69 244
70 249
71 214
72 267
73 202
74 229
75 207
76 190
77 202
78 185
79 192
80 184
81 189
82 175
83 158
84 156
85 152
86 137
87 115
88 129
89 130
90 117
91 133
92 142
93 120
94 116
95 107
96 2004
