1 11216
2 15440
3 18149
4 19014
5 19089
6 17921
7 16811
8 15394
9 13889
10 12668
11 11280
12 10219
13 9098
14 8142
15 7384
16 6524
17 5784
18 5294
19 4652
20 4307
21 3866
22 3527
23 3069
24 2888
25 2666
26 2300
27 2136
28 1882
29 1886
30 1715
31 1587
32 1361
33 1291
34 1169
35 1124
36 1084
37 1000
38 986
39 893
40 817
41 695
42 729
43 654
44 661
45 582
46 564
47 526
48 1036
49 715
50 664
51 593
52 567
53 539
54 513
55 497
56 409
57 414
58 419
59 403
60 396
61 367
62 302
63 336
64 312
65 318
66 301
67 264
68 269
69 246
70 248
71 211
72 215
73 195
74 196
75 185
76 184
77 203
78 160
79 181
80 191
81 145
82 173
83 182
84 175
85 154
86 140
87 145
88 135
89 120
90 129
91 116
92 113
93 109
94 134
95 113
96 1935
