2 2492
3 4586
4 6406
5 7737
6 8948
7 9756
8 10327
9 10249
10 10356
11 10438
12 9907
13 9919
14 9813
15 9270
16 8930
17 8588
18 8217
19 7847
20 7158
21 7022
22 6496
23 6203
24 5824
25 5550
26 5243
27 4821
28 4566
29 4230
30 3976
31 3733
32 3559
33 3151
34 3079
35 2854
36 2753
37 2649
38 2438
39 2268
40 2135
41 2027
42 1862
43 1842
44 1648
45 1603
46 1482
47 1504
48 1428
49 1282
50 1290
51 1217
52 1123
53 1022
54 1014
55 1011
56 964
57 846
58 841
59 861
60 778
61 753
62 710
63 683
64 657
65 590
66 606
67 566
68 586
69 515
70 515
71 534
72 433
73 485
74 436
75 433
76 413
77 449
78 418
79 408
80 391
81 415
82 385
83 351
84 395
85 330
86 303
87 332
88 292
89 333
90 305
91 316
92 268
93 255
94 289
95 289
96 5422
