1 11102
2 15517
3 18100
4 19178
5 19067
6 18055
7 17032
8 15318
9 13943
10 12820
11 11499
12 10060
13 9159
14 7934
15 7360
16 6405
17 5681
18 5295
19 4622
20 4251
21 3916
22 3312
23 3068
24 2764
25 2618
26 2348
27 2099
28 2067
29 1852
30 1692
31 1554
32 1382
33 1280
34 1207
35 1146
36 1103
37 1022
38 889
39 839
40 806
41 734
42 701
43 681
44 683
45 599
46 570
47 519
48 1057
49 762
50 629
51 652
52 592
53 517
54 525
55 501
56 475
57 452
58 394
59 387
60 379
61 390
62 351
63 316
64 291
65 296
66 284
67 258
68 234
69 247
70 262
71 246
72 240
73 215
74 200
75 214
76 181
77 193
78 204
79 172
80 182
81 164
82 142
83 159
84 166
85 149
86 123
87 128
88 125
89 109
90 142
91 117
92 111
93 132
94 122
95 109
96 1855
