 1: 01111111 01111111 01111111 01111111 01111111 01111111 01111111 
 2: 01111110 01111110 01111110 01111110 01111110 01111110 01111110 
 3: 01111101 01111101 01111101 01111101 01111101 01111101 01111101 
 4: 01111100 01111100 01111100 01111100 01111100 01111100 01111100 
 5: 01111011 01111011 01111011 01111011 01111011 01111011 01111011 
 6: 01111010 01111010 01111010 01111010 01111010 01111010 01111010 
 7: 01111001 01111001 01111001 01111001 01111001 01111001 01111001 
 8: 01111000 01111000 01111000 01111000 01111000 01111000 01111000 
 9: 01110111 01110111 01110111 01110111 01110111 01110111 01110111 
10: 01110110 01110110 01110110 01110110 01110110 01110110 01110110 
11: 01110101 01110101 01110101 01110101 01110101 01110101 01110101 
12: 01110100 01110100 01110100 01110100 01110100 01110100 01110100 
13: 01110011 01110011 01110011 01110011 01110011 01110011 01110011 
14: 01110010 01110010 01110010 01110010 01110010 01110010 01110010 
15: 01110001 01110001 01110001 01110001 01110001 01110001 01110001 
16: 01110000 01110000 01110000 01110000 01110000 01110000 01110000 
17: 01101111 01101111 01101111 01101111 01101111 01101111 01101111 
18: 01101110 01101110 01101110 01101110 01101110 01101110 01101110 
19: 01101101 01101101 01101101 01101101 01101101 01101101 01101101 
20: 01101100 01101100 01101100 01101100 01101100 01101100 01101100 
21: 01101011 01101011 01101011 01101011 01101011 01101011 01101011 
22: 01101010 01101010 01101010 01101010 01101010 01101010 01101010 
23: 01101001 01101001 01101001 01101001 01101001 01101001 01101001 
24: 01101000 01101000 01101000 01101000 01101000 01101000 01101000 
25: 01100111 01100111 01100111 01100111 01100111 01100111 01100111 
26: 01100110 01100110 01100110 01100110 01100110 01100110 01100110 
27: 01100101 01100101 01100101 01100101 01100101 01100101 01100101 
28: 01100100 01100100 01100100 01100100 01100100 01100100 01100100 
29: 01100011 01100011 01100011 01100011 01100011 01100011 01100011 
30: 01100010 01100010 01100010 01100010 01100010 01100010 01100010 
31: 01100001 01100001 01100001 01100001 01100001 01100001 01100001 
32: 01100000 01100000 01100000 01100000 01100000 01100000 01100000 
33: 01011111 01011111 01011111 01011111 01011111 01011111 01011111 
34: 01011110 01011110 01011110 01011110 01011110 01011110 01011110 
35: 01011101 01011101 01011101 01011101 01011101 01011101 01011101 
36: 01011100 01011100 01011100 01011100 01011100 01011100 01011100 
37: 01011011 01011011 01011011 01011011 01011011 01011011 01011011 
38: 01011010 01011010 01011010 01011010 01011010 01011010 01011010 
39: 01011001 01011001 01011001 01011001 01011001 01011001 01011001 
40: 01011000 01011000 01011000 01011000 01011000 01011000 01011000 
41: 01010111 01010111 01010111 01010111 01010111 01010111 01010111 
42: 01010110 01010110 01010110 01010110 01010110 01010110 01010110 
43: 01010101 01010101 01010101 01010101 01010101 01010101 01010101 
44: 01010100 01010100 01010100 01010100 01010100 01010100 01010100 
45: 01010011 01010011 01010011 01010011 01010011 01010011 01010011 
46: 01010010 01010010 01010010 01010010 01010010 01010010 01010010 
47: 01010001 01010001 01010001 01010001 01010001 01010001 01010001 
48: 01010000 01010000 01010000 01010000 01010000 01010000 01010000 
49: 01001111 01001111 01001111 01001111 01001111 01001111 01001111 
50: 01001110 01001110 01001110 01001110 01001110 01001110 01001110 
51: 01001101 01001101 01001101 01001101 01001101 01001101 01001101 
52: 01001100 01001100 01001100 01001100 01001100 01001100 01001100 
53: 01001011 01001011 01001011 01001011 01001011 01001011 01001011 
54: 01001010 01001010 01001010 01001010 01001010 01001010 01001010 
55: 01001001 01001001 01001001 01001001 01001001 01001001 01001001 
56: 01001000 01001000 01001000 01001000 01001000 01001000 01001000 
57: 01000111 01000111 01000111 01000111 01000111 01000111 01000111 
58: 01000110 01000110 01000110 01000110 01000110 01000110 01000110 
59: 01000101 01000101 01000101 01000101 01000101 01000101 01000101 
60: 01000100 01000100 01000100 01000100 01000100 01000100 01000100 
61: 01000011 01000011 01000011 01000011 01000011 01000011 01000011 
62: 01000010 01000010 01000010 01000010 01000010 01000010 01000010 
63: 01000001 01000001 01000001 01000001 01000001 01000001 01000001 
64: 01000000 01000000 01000000 01000000 01000000 01000000 01000000