  0: 127   0   1   0   2   0   1   0 
  8:   3   0   1   0   2   0   1   0 
 16:   4   0   1   0   2   0   1   0 
 24:   3   0   1   0   2   0   1   0 
 32:   5   0   1   0   2   0   1   0 
 40:   3   0   1   0   2   0   1   0 
 48:   4   0   1   0   2   0   1   0 
 56:   3   0   1   0   2   0   1   0 
 64:   6   0   1   0   2   0   1   0 
 72:   3   0   1   0   2   0   1   0 
 80:   4   0   1   0   2   0   1   0 
 88:   3   0   1   0   2   0   1   0 
 96:   5   0   1   0   2   0   1   0 
104:   3   0   1   0   2   0   1   0 
112:   4   0   1   0   2   0   1   0 
120:   3   0   1   0   2   0   1   0 
128:   7   0   1   0   2   0   1   0 
136:   3   0   1   0   2   0   1   0 
144:   4   0   1   0   2   0   1   0 
152:   3   0   1   0   2   0   1   0 
160:   5   0   1   0   2   0   1   0 
168:   3   0   1   0   2   0   1   0 
176:   4   0   1   0   2   0   1   0 
184:   3   0   1   0   2   0   1   0 
192:   6   0   1   0   2   0   1   0 
200:   3   0   1   0   2   0   1   0 
208:   4   0   1   0   2   0   1   0 
216:   3   0   1   0   2   0   1   0 
224:   5   0   1   0   2   0   1   0 
232:   3   0   1   0   2   0   1   0 
240:   4   0   1   0   2   0   1   0 
248:   3   0   1   0   2   0   1   0 
256: 127 127 127   1 127   2   2   1 
264: 127   3   3   1   3   2   2   1 
272: 127   4   4   1   4   2   2   1 
280:   4   3   3   1   3   2   2   1 
288: 127   5   5   1   5   2   2   1 
296:   5   3   3   1   3   2   2   1 
304:   5   4   4   1   4   2   2   1 
312:   4   3   3   1   3   2   2   1 
320: 127   6   6   1   6   2   2   1 
328:   6   3   3   1   3   2   2   1 
336:   6   4   4   1   4   2   2   1 
344:   4   3   3   1   3   2   2   1 
352:   6   5   5   1   5   2   2   1 
360:   5   3   3   1   3   2   2   1 
368:   5   4   4   1   4   2   2   1 
376:   4   3   3   1   3   2   2   1 
384: 127   7   7   1   7   2   2   1 
392:   7   3   3   1   3   2   2   1 
400:   7   4   4   1   4   2   2   1 
408:   4   3   3   1   3   2   2   1 
416:   7   5   5   1   5   2   2   1 
424:   5   3   3   1   3   2   2   1 
432:   5   4   4   1   4   2   2   1 
440:   4   3   3   1   3   2   2   1 
448:   7   6   6   1   6   2   2   1 
456:   6   3   3   1   3   2   2   1 
464:   6   4   4   1   4   2   2   1 
472:   4   3   3   1   3   2   2   1 
480:   6   5   5   1   5   2   2   1 
488:   5   3   3   1   3   2   2   1 
496:   5   4   4   1   4   2   2   1 
504:   4   3   3   1   3   2   2   1 
512: 127 127 127 127 127 127 127   2 
520: 127 127 127   3 127   3   3   2 
528: 127 127 127   4 127   4   4   2 
536: 127   4   4   3   4   3   3   2 
544: 127 127 127   5 127   5   5   2 
552: 127   5   5   3   5   3   3   2 
560: 127   5   5   4   5   4   4   2 
568:   5   4   4   3   4   3   3   2 
576: 127 127 127   6 127   6   6   2 
584: 127   6   6   3   6   3   3   2 
592: 127   6   6   4   6   4   4   2 
600:   6   4   4   3   4   3   3   2 
608: 127   6   6   5   6   5   5   2 
616:   6   5   5   3   5   3   3   2 
624:   6   5   5   4   5   4   4   2 
632:   5   4   4   3   4   3   3   2 
640: 127 127 127   7 127   7   7   2 
648: 127   7   7   3   7   3   3   2 
656: 127   7   7   4   7   4   4   2 
664:   7   4   4   3   4   3   3   2 
672: 127   7   7   5   7   5   5   2 
680:   7   5   5   3   5   3   3   2 
688:   7   5   5   4   5   4   4   2 
696:   5   4   4   3   4   3   3   2 
704: 127   7   7   6   7   6   6   2 
712:   7   6   6   3   6   3   3   2 
720:   7   6   6   4   6   4   4   2 
728:   6   4   4   3   4   3   3   2 
736:   7   6   6   5   6   5   5   2 
744:   6   5   5   3   5   3   3   2 
752:   6   5   5   4   5   4   4   2 
760:   5   4   4   3   4   3   3   2 
768: 127 127 127 127 127 127 127 127 
776: 127 127 127 127 127 127 127   3 
784: 127 127 127 127 127 127 127   4 
792: 127 127 127   4 127   4   4   3 
800: 127 127 127 127 127 127 127   5 
808: 127 127 127   5 127   5   5   3 
816: 127 127 127   5 127   5   5   4 
824: 127   5   5   4   5   4   4   3 
832: 127 127 127 127 127 127 127   6 
840: 127 127 127   6 127   6   6   3 
848: 127 127 127   6 127   6   6   4 
856: 127   6   6   4   6   4   4   3 
864: 127 127 127   6 127   6   6   5 
872: 127   6   6   5   6   5   5   3 
880: 127   6   6   5   6   5   5   4 
888:   6   5   5   4   5   4   4   3 
896: 127 127 127 127 127 127 127   7 
904: 127 127 127   7 127   7   7   3 
912: 127 127 127   7 127   7   7   4 
920: 127   7   7   4   7   4   4   3 
928: 127 127 127   7 127   7   7   5 
936: 127   7   7   5   7   5   5   3 
944: 127   7   7   5   7   5   5   4 
952:   7   5   5   4   5   4   4   3 
960: 127 127 127   7 127   7   7   6 
968: 127   7   7   6   7   6   6   3 
976: 127   7   7   6   7   6   6   4 
984:   7   6   6   4   6   4   4   3 
992: 127   7   7   6   7   6   6   5 
1000:   7   6   6   5   6   5   5   3 
1008:   7   6   6   5   6   5   5   4 
1016:   6   5   5   4   5   4   4   3 
1024: 127 127 127 127 127 127 127 127 
1032: 127 127 127 127 127 127 127 127 
1040: 127 127 127 127 127 127 127 127 
1048: 127 127 127 127 127 127 127   4 
1056: 127 127 127 127 127 127 127 127 
1064: 127 127 127 127 127 127 127   5 
1072: 127 127 127 127 127 127 127   5 
1080: 127 127 127   5 127   5   5   4 
1088: 127 127 127 127 127 127 127 127 
1096: 127 127 127 127 127 127 127   6 
1104: 127 127 127 127 127 127 127   6 
1112: 127 127 127   6 127   6   6   4 
1120: 127 127 127 127 127 127 127   6 
1128: 127 127 127   6 127   6   6   5 
1136: 127 127 127   6 127   6   6   5 
1144: 127   6   6   5   6   5   5   4 
1152: 127 127 127 127 127 127 127 127 
1160: 127 127 127 127 127 127 127   7 
1168: 127 127 127 127 127 127 127   7 
1176: 127 127 127   7 127   7   7   4 
1184: 127 127 127 127 127 127 127   7 
1192: 127 127 127   7 127   7   7   5 
1200: 127 127 127   7 127   7   7   5 
1208: 127   7   7   5   7   5   5   4 
1216: 127 127 127 127 127 127 127   7 
1224: 127 127 127   7 127   7   7   6 
1232: 127 127 127   7 127   7   7   6 
1240: 127   7   7   6   7   6   6   4 
1248: 127 127 127   7 127   7   7   6 
1256: 127   7   7   6   7   6   6   5 
1264: 127   7   7   6   7   6   6   5 
1272:   7   6   6   5   6   5   5   4 
1280: 127 127 127 127 127 127 127 127 
1288: 127 127 127 127 127 127 127 127 
1296: 127 127 127 127 127 127 127 127 
1304: 127 127 127 127 127 127 127 127 
1312: 127 127 127 127 127 127 127 127 
1320: 127 127 127 127 127 127 127 127 
1328: 127 127 127 127 127 127 127 127 
1336: 127 127 127 127 127 127 127   5 
1344: 127 127 127 127 127 127 127 127 
1352: 127 127 127 127 127 127 127 127 
1360: 127 127 127 127 127 127 127 127 
1368: 127 127 127 127 127 127 127   6 
1376: 127 127 127 127 127 127 127 127 
1384: 127 127 127 127 127 127 127   6 
1392: 127 127 127 127 127 127 127   6 
1400: 127 127 127   6 127   6   6   5 
1408: 127 127 127 127 127 127 127 127 
1416: 127 127 127 127 127 127 127 127 
1424: 127 127 127 127 127 127 127 127 
1432: 127 127 127 127 127 127 127   7 
1440: 127 127 127 127 127 127 127 127 
1448: 127 127 127 127 127 127 127   7 
1456: 127 127 127 127 127 127 127   7 
1464: 127 127 127   7 127   7   7   5 
1472: 127 127 127 127 127 127 127 127 
1480: 127 127 127 127 127 127 127   7 
1488: 127 127 127 127 127 127 127   7 
1496: 127 127 127   7 127   7   7   6 
1504: 127 127 127 127 127 127 127   7 
1512: 127 127 127   7 127   7   7   6 
1520: 127 127 127   7 127   7   7   6 
1528: 127   7   7   6   7   6   6   5 
1536: 127 127 127 127 127 127 127 127 
1544: 127 127 127 127 127 127 127 127 
1552: 127 127 127 127 127 127 127 127 
1560: 127 127 127 127 127 127 127 127 
1568: 127 127 127 127 127 127 127 127 
1576: 127 127 127 127 127 127 127 127 
1584: 127 127 127 127 127 127 127 127 
1592: 127 127 127 127 127 127 127 127 
1600: 127 127 127 127 127 127 127 127 
1608: 127 127 127 127 127 127 127 127 
1616: 127 127 127 127 127 127 127 127 
1624: 127 127 127 127 127 127 127 127 
1632: 127 127 127 127 127 127 127 127 
1640: 127 127 127 127 127 127 127 127 
1648: 127 127 127 127 127 127 127 127 
1656: 127 127 127 127 127 127 127   6 
1664: 127 127 127 127 127 127 127 127 
1672: 127 127 127 127 127 127 127 127 
1680: 127 127 127 127 127 127 127 127 
1688: 127 127 127 127 127 127 127 127 
1696: 127 127 127 127 127 127 127 127 
1704: 127 127 127 127 127 127 127 127 
1712: 127 127 127 127 127 127 127 127 
1720: 127 127 127 127 127 127 127   7 
1728: 127 127 127 127 127 127 127 127 
1736: 127 127 127 127 127 127 127 127 
1744: 127 127 127 127 127 127 127 127 
1752: 127 127 127 127 127 127 127   7 
1760: 127 127 127 127 127 127 127 127 
1768: 127 127 127 127 127 127 127   7 
1776: 127 127 127 127 127 127 127   7 
1784: 127 127 127   7 127   7   7   6 
1792: 127 127 127 127 127 127 127 127 
1800: 127 127 127 127 127 127 127 127 
1808: 127 127 127 127 127 127 127 127 
1816: 127 127 127 127 127 127 127 127 
1824: 127 127 127 127 127 127 127 127 
1832: 127 127 127 127 127 127 127 127 
1840: 127 127 127 127 127 127 127 127 
1848: 127 127 127 127 127 127 127 127 
1856: 127 127 127 127 127 127 127 127 
1864: 127 127 127 127 127 127 127 127 
1872: 127 127 127 127 127 127 127 127 
1880: 127 127 127 127 127 127 127 127 
1888: 127 127 127 127 127 127 127 127 
1896: 127 127 127 127 127 127 127 127 
1904: 127 127 127 127 127 127 127 127 
1912: 127 127 127 127 127 127 127 127 
1920: 127 127 127 127 127 127 127 127 
1928: 127 127 127 127 127 127 127 127 
1936: 127 127 127 127 127 127 127 127 
1944: 127 127 127 127 127 127 127 127 
1952: 127 127 127 127 127 127 127 127 
1960: 127 127 127 127 127 127 127 127 
1968: 127 127 127 127 127 127 127 127 
1976: 127 127 127 127 127 127 127 127 
1984: 127 127 127 127 127 127 127 127 
1992: 127 127 127 127 127 127 127 127 
2000: 127 127 127 127 127 127 127 127 
2008: 127 127 127 127 127 127 127 127 
2016: 127 127 127 127 127 127 127 127 
2024: 127 127 127 127 127 127 127 127 
2032: 127 127 127 127 127 127 127 127 
2040: 127 127 127 127 127 127 127   7 